1 12 0.21
9 98 0.3
14 8 0.24
13 59 0.51
5 18 0.63
1 62 0.55
8 66 0.33
9 67 0.35
0 47 0.15
6 76 0.45
1 10 0.68
3 16 0.75
2 54 0.83
8 94 0.5
10 70 0.79
8 61 0.73
12 14 0.28
10 62 0.12
4 76 0.14
13 56 0.54
1 89 0.3
6 67 0.7
9 90 0.39
2 18 0.64
1 41 0.54
3 41 0.47
3 27 0.81
5 58 0.32
13 34 0.26
3 6 0.53
11 32 0.26
12 57 0.68
5 9 0.16
14 13 0.26
7 72 0.66
14 44 0.93
9 34 0.68
10 13 0.77
14 21 0.73
7 90 0.22
11 27 0.62
14 41 0.57
13 22 0.61
14 19 0.12
9 17 0.53
0 2 0.46
13 0 0.24
0 16 0.61
11 71 0.17
13 64 0.71
9 40 0.22
8 1 0.92
11 83 0.71
3 36 0.76
0 29 0.37
4 82 0.42
6 84 0.83
6 27 0.96
14 62 0.58
6 89 0.26
13 4 0.22
8 22 0.27
1 45 0.68
7 6 0.46
3 46 0.4
12 55 0.2
5 90 0.64
9 23 0.67
1 0 0.58
5 65 0.98
3 48 0.21
1 20 0.47
2 84 0.52
0 51 0.36
10 41 0.87
7 34 0.15
4 17 0.46
6 61 0.47
9 32 0.69
1 92 0.49
8 46 0.91
7 99 0.36
5 14 0.33
1 3 0.8
0 43 0.83
6 46 0.72
7 50 0.46
1 79 0.36
8 27 0.4
4 87 0.9
11 65 0.19
12 61 0.24
11 8 0.3
1 72 0.27
1 67 0.84
3 61 0.96
14 53 0.11
6 55 0.87
4 64 0.73
12 43 0.4
